1
1,52,53,60,61,67,75,77,79,82,92,97,99,102,103,106,107,113,115,118,122,152,155,162,164,166,167,187,194,195,202,211,214,216,233,234,235,237,240,242,246,248,249,252,262,264,265,268,271,273,286,295,297,299,304,305,307,308,309,310,326,329,339,341,342,349,351,358,363,365,374,385,402,411,412,422,427,442,452,453,456,463,466,467,470,473,487,488,490,496,497,502,506,510,511,527,536,539,540,551,562,563,564,566,577,581,584,586,588,590,592
2,10,28,105,127,143,178,184,292,323,345,421,439,447,524,546,559,583
3,4,6,7,13,15,20,21,29,31,40,42,44,46,48,58,81,88,149,404,434,528
5,56,129,176,210
8,23,27,30,32,35,36,38,39,43,51,57,63,66,76,78,83,111,112,116,125,130,146,148,150,201,209,213,236,241,247,263,267,270,272,274,275,294,296,298,328,330,392,394,395,409,419,424,430,449,464,489,503,504,505,507,508,509,513,515,516,534,538,541,542,543,554,555,565,585,587
9,68,85,100,117,142,197,206,217,221,222,278,300,312,319,325,343,346,370,391,417,431,460,483,518,544,596
11,34,41,45,86,90,151,250,254,332,362,418,423,428,440,469,474,525,568
12,121,175,376,425,479
14,69,134,140,229,429,461,545
16,80,84,87,153,161,165,193,215,259,276,277,446,472,498,512,517,532,547,550,556
17,18,37
19,219,224,367,458
22
24,33,59,126,131,168,181,188,196,218,228,238,266,279,306,327,338,348,361,401,491,499,500,519,567,589
25,223,353,359,471
26,220,344,492,593
47
49,55,331
50,199,204
54,110
62,64,393,514
65
70
71
72,433
73,185,494
74,94,281,366,558,599
89,96,203,258,360,548,557,570,591
91
93
95
98,230,239,293,561,572
101,128
104
108
109
114,136,205,321
119
120
123,369,389,405,426,436,481,530
124,141,450
132
133
135,462,468
137
138,198,257,347,475
139
144
145,157
147,485
154,482
156,207
158,232
159,163,251
160,212,303,486
169
170
171
172
173
174
177
179,324,408,435,533
180,226,315,521
182
183,225
186,350,355,444
189
190,301,381,399,523
191,357,364,373
192,311
200
208
227
231
243,413
244
245
253
255,289
256
260
261
269,537
280,520,597
282
283,595
284,382,400,478,573
285
287,387
288
290
291,396
302
313
314,477,501
316
317
318,322
320
333
334
335,575
336
337,441
340
352
354,371
356
368
372
375
377
378
379
380
383
384
386
388
390,407
397,459,571
398,522
403,443
406,445,531
410,451
414,454
415,455
416,457
420,582
432
437
438
448
465,552
476
480
484
493,553
495
526
529
535
549
560
569
574
576
578
579
580
594
598
600
